3.000000 
7.000000 
8.000000 
13.000000 
14.000000 
15.000000 
16.000000 
18.000000 
19.000000 
20.000000 
21.000000 
22.000000 
23.000000 
24.000000 
26.000000 
27.000000 
32.000000 
33.000000 
34.000000 
35.000000 
36.000000 
47.000000 
48.000000 
49.000000 
50.000000 
51.000000 
52.000000 
54.000000 
55.000000 
56.000000 
57.000000 
58.000000 
59.000000 
61.000000 
63.000000 
64.000000 
65.000000 
66.000000 
67.000000 
69.000000 
71.000000 
72.000000 
73.000000 
74.000000 
75.000000 
77.000000 
79.000000 
81.000000 
82.000000 
83.000000 
86.000000 
87.000000 
95.000000 
96.000000 
97.000000 
98.000000 
99.000000 
100.000000 
101.000000 
102.000000 
104.000000 
105.000000 
106.000000 
107.000000 
108.000000 
109.000000 
110.000000 
111.000000 
112.000000 
113.000000 
115.000000 
116.000000 
117.000000 
118.000000 
119.000000 
120.000000 
121.000000 
122.000000 
124.000000 
125.000000 
126.000000 
127.000000 
128.000000 
154.000000 
200.000000 
214.000000 
218.000000 
219.000000 
221.000000 
225.000000 
226.000000 
227.000000 
228.000000 
232.000000 
233.000000 
234.000000 
235.000000 
240.000000 
244.000000 
247.000000 
250.000000 
255.000000 
256.000000 
257.000000 
260.000000 
264.000000 
267.000000 
268.000000 
269.000000 
272.000000 
274.000000 
275.000000 
277.000000 
291.000000 
308.000000 
338.000000 
360.000000 
372.000000 
392.000000 
398.000000 
402.000000 
405.000000 
406.000000 
407.000000 
408.000000 
409.000000 
435.000000 
441.000000 
571.000000 
595.000000 
609.000000 
610.000000 
612.000000 
616.000000 
617.000000 
619.000000 
620.000000 
621.000000 
622.000000 
623.000000 
624.000000 
625.000000 
626.000000 
628.000000 
629.000000 
630.000000 
633.000000 
634.000000 
635.000000 
636.000000 
638.000000 
640.000000 
642.000000 
643.000000 
644.000000 
645.000000 
646.000000 
647.000000 
648.000000 
649.000000 
651.000000 
652.000000 
656.000000 
657.000000 
662.000000 
665.000000 
674.000000 
683.000000 
684.000000 
685.000000 
687.000000 
688.000000 
689.000000 
690.000000 
691.000000 
692.000000 
694.000000 
702.000000 
703.000000 
704.000000 
705.000000 
706.000000 
708.000000 
711.000000 
712.000000 
841.000000 
842.000000 
846.000000 
847.000000 
848.000000 
849.000000 
852.000000 
853.000000 
854.000000 
856.000000 
859.000000 
860.000000 
861.000000 
862.000000 
864.000000 
865.000000 
926.000000 
930.000000 
946.000000 
967.000000 
972.000000 
991.000000 
1007.000000 
1019.000000 
1023.000000 
1026.000000 
1044.000000 
1049.000000 
1051.000000 
1052.000000 
1056.000000 
1066.000000 
1067.000000 
1070.000000 
1074.000000 
1075.000000 
1084.000000 
1086.000000 
1090.000000 
1095.000000 
1099.000000 
1100.000000 
1101.000000 
1103.000000 
1104.000000 
1105.000000 
1107.000000 
1164.000000 
1172.000000 
1173.000000 
1175.000000 
1176.000000 
1179.000000 
1180.000000 
1181.000000 
1182.000000 
1183.000000 
1208.000000 
1451.000000 
1548.000000 
1554.000000 
