0.000830 
0.000168 
0.000106 
0.000554 
0.000752 
0.000085 
0.000161 
0.000141 
0.000007 
0.000381 
0.000270 
0.000350 
0.000268 
0.000190 
0.000040 
0.000205 
0.000196 
0.000264 
0.000146 
0.000106 
0.000463 
0.000115 
0.000668 
0.000317 
0.000356 
0.000807 
0.000608 
0.000118 
0.000205 
0.000524 
0.000310 
0.000234 
0.000435 
0.000145 
0.001054 
0.000677 
0.000718 
0.000155 
0.000160 
0.000077 
0.000406 
0.000761 
0.000813 
0.000839 
0.000312 
0.000034 
0.000120 
0.000321 
0.000461 
0.000376 
0.000046 
0.000146 
0.000210 
0.000205 
0.000093 
0.000495 
0.000209 
0.000129 
0.000227 
0.000097 
0.000096 
0.000100 
0.000263 
0.000160 
0.000166 
0.000289 
0.000146 
0.000728 
0.000164 
0.000410 
0.000586 
0.000110 
0.000160 
0.000363 
0.000291 
0.000404 
0.000011 
0.000180 
0.000498 
0.000347 
0.000832 
0.000106 
0.000286 
0.000237 
0.000715 
0.000315 
0.000042 
0.000017 
0.000310 
0.000070 
0.000012 
0.000160 
0.000431 
0.000224 
0.000251 
0.000121 
0.000107 
0.000276 
0.000299 
0.000226 
0.000133 
0.000214 
0.000094 
0.000054 
0.000252 
0.000022 
0.000021 
0.000103 
0.000055 
0.000066 
0.000235 
0.000100 
0.000108 
0.000077 
0.000163 
0.000488 
0.000048 
0.000082 
0.000098 
0.000183 
0.000240 
0.000550 
0.000140 
0.000311 
0.000194 
0.000059 
0.000091 
0.000287 
0.001098 
0.000185 
0.000155 
0.000452 
0.000083 
0.000551 
0.000125 
0.000161 
0.000073 
0.000039 
0.000103 
0.000451 
0.000076 
0.000281 
0.000094 
0.000213 
0.000146 
0.000073 
0.000060 
0.000113 
0.000269 
0.000148 
0.000048 
0.000087 
0.000197 
0.000587 
0.000115 
0.000086 
0.000070 
0.000141 
0.000813 
0.000765 
0.000023 
0.000146 
0.000383 
0.000102 
0.000633 
0.001496 
0.000572 
0.001145 
0.000238 
0.000217 
0.000220 
0.000393 
0.000035 
0.000425 
0.000462 
0.000163 
0.000095 
0.000122 
0.000121 
0.000044 
0.000212 
0.000085 
0.000034 
0.000257 
0.000110 
0.000837 
0.000258 
0.000258 
0.000294 
0.000062 
0.000207 
0.000278 
0.000122 
0.000410 
0.000123 
0.000366 
0.000525 
0.000543 
0.000440 
0.000235 
0.000136 
0.000203 
0.000202 
0.000275 
0.000014 
0.000739 
0.000100 
0.000094 
0.000053 
0.000103 
0.000016 
0.000102 
0.000025 
0.000216 
0.000088 
0.000139 
0.000079 
0.000177 
0.000175 
0.000021 
0.000091 
0.000232 
0.000086 
0.000213 
0.000052 
0.000093 
0.000301 
0.000217 
0.000073 
0.000316 
0.000240 
0.000382 
0.001869 
0.000321 
0.000230 
0.000083 
0.000163 
0.000358 
0.000710 
0.000146 
0.000383 
0.000078 
0.000347 
0.000160 
0.000133 
0.000121 
